Protein_ID	New_Protein_ID	Histone_Type	is_variant	Clean_peptide	Modification	Residue	Position_in_peptide	aa_in_reference	Positions_in_Reference	Positions_in_Protein	ptmRS_Best_Site_Probabilities	Peptide_Sequence	Peptide_position
Cowc_CAOG_02298|Histone_H2B	Cowc_CAOG_02298|Histone_H2B	H2B	FALSE	PPKVA KKGEK R	Me3	K	3				100	PPKVAKKGEKR	res
